sensorcalib: {

# Short sensor calibration data (exponential)

a0: 642400,
b0: -0.08397,
c0: 29.25,
d0: -0.003401,

a1: 1761,
b1: -0.03593,
c1: 21.41,
d1: -0.002707,

a2: 5383,
b2: -0.04654,
c2: 26.65,
d2: -0.003253,

a3: 1842,
b3: -0.0314,
c3: 21.73,
d3: -0.002695,

# Long sensor calibration data (exponential)

a4: 198.2,
b4: -0.02152,
c4: 47.77,
d4: -0.003038,

a5: 139.8,
b5: -0.01883,
c5: 42.96,
d5: -0.002808

}
